{
 "cells": [
  {
   "cell_type": "code",
   "execution_count": 133,
   "metadata": {},
   "outputs": [],
   "source": [
    "from sklearn.datasets import load_boston\n",
    "import pandas as pd\n",
    "X, y = load_boston(return_X_y = True)"
   ]
  },
  {
   "cell_type": "code",
   "execution_count": 134,
   "metadata": {},
   "outputs": [],
   "source": [
    "data = pd.DataFrame(X, columns = load_boston().feature_names)\n"
   ]
  },
  {
   "cell_type": "code",
   "execution_count": 135,
   "metadata": {},
   "outputs": [
    {
     "data": {
      "text/html": [
       "<div>\n",
       "<style scoped>\n",
       "    .dataframe tbody tr th:only-of-type {\n",
       "        vertical-align: middle;\n",
       "    }\n",
       "\n",
       "    .dataframe tbody tr th {\n",
       "        vertical-align: top;\n",
       "    }\n",
       "\n",
       "    .dataframe thead th {\n",
       "        text-align: right;\n",
       "    }\n",
       "</style>\n",
       "<table border=\"1\" class=\"dataframe\">\n",
       "  <thead>\n",
       "    <tr style=\"text-align: right;\">\n",
       "      <th></th>\n",
       "      <th>CRIM</th>\n",
       "      <th>ZN</th>\n",
       "      <th>INDUS</th>\n",
       "      <th>CHAS</th>\n",
       "      <th>NOX</th>\n",
       "      <th>RM</th>\n",
       "      <th>AGE</th>\n",
       "      <th>DIS</th>\n",
       "      <th>RAD</th>\n",
       "      <th>TAX</th>\n",
       "      <th>PTRATIO</th>\n",
       "      <th>B</th>\n",
       "      <th>LSTAT</th>\n",
       "    </tr>\n",
       "  </thead>\n",
       "  <tbody>\n",
       "    <tr>\n",
       "      <th>0</th>\n",
       "      <td>0.00632</td>\n",
       "      <td>18.0</td>\n",
       "      <td>2.31</td>\n",
       "      <td>0.0</td>\n",
       "      <td>0.538</td>\n",
       "      <td>6.575</td>\n",
       "      <td>65.2</td>\n",
       "      <td>4.0900</td>\n",
       "      <td>1.0</td>\n",
       "      <td>296.0</td>\n",
       "      <td>15.3</td>\n",
       "      <td>396.90</td>\n",
       "      <td>4.98</td>\n",
       "    </tr>\n",
       "    <tr>\n",
       "      <th>1</th>\n",
       "      <td>0.02731</td>\n",
       "      <td>0.0</td>\n",
       "      <td>7.07</td>\n",
       "      <td>0.0</td>\n",
       "      <td>0.469</td>\n",
       "      <td>6.421</td>\n",
       "      <td>78.9</td>\n",
       "      <td>4.9671</td>\n",
       "      <td>2.0</td>\n",
       "      <td>242.0</td>\n",
       "      <td>17.8</td>\n",
       "      <td>396.90</td>\n",
       "      <td>9.14</td>\n",
       "    </tr>\n",
       "    <tr>\n",
       "      <th>2</th>\n",
       "      <td>0.02729</td>\n",
       "      <td>0.0</td>\n",
       "      <td>7.07</td>\n",
       "      <td>0.0</td>\n",
       "      <td>0.469</td>\n",
       "      <td>7.185</td>\n",
       "      <td>61.1</td>\n",
       "      <td>4.9671</td>\n",
       "      <td>2.0</td>\n",
       "      <td>242.0</td>\n",
       "      <td>17.8</td>\n",
       "      <td>392.83</td>\n",
       "      <td>4.03</td>\n",
       "    </tr>\n",
       "    <tr>\n",
       "      <th>3</th>\n",
       "      <td>0.03237</td>\n",
       "      <td>0.0</td>\n",
       "      <td>2.18</td>\n",
       "      <td>0.0</td>\n",
       "      <td>0.458</td>\n",
       "      <td>6.998</td>\n",
       "      <td>45.8</td>\n",
       "      <td>6.0622</td>\n",
       "      <td>3.0</td>\n",
       "      <td>222.0</td>\n",
       "      <td>18.7</td>\n",
       "      <td>394.63</td>\n",
       "      <td>2.94</td>\n",
       "    </tr>\n",
       "    <tr>\n",
       "      <th>4</th>\n",
       "      <td>0.06905</td>\n",
       "      <td>0.0</td>\n",
       "      <td>2.18</td>\n",
       "      <td>0.0</td>\n",
       "      <td>0.458</td>\n",
       "      <td>7.147</td>\n",
       "      <td>54.2</td>\n",
       "      <td>6.0622</td>\n",
       "      <td>3.0</td>\n",
       "      <td>222.0</td>\n",
       "      <td>18.7</td>\n",
       "      <td>396.90</td>\n",
       "      <td>5.33</td>\n",
       "    </tr>\n",
       "  </tbody>\n",
       "</table>\n",
       "</div>"
      ],
      "text/plain": [
       "      CRIM    ZN  INDUS  CHAS    NOX     RM   AGE     DIS  RAD    TAX  \\\n",
       "0  0.00632  18.0   2.31   0.0  0.538  6.575  65.2  4.0900  1.0  296.0   \n",
       "1  0.02731   0.0   7.07   0.0  0.469  6.421  78.9  4.9671  2.0  242.0   \n",
       "2  0.02729   0.0   7.07   0.0  0.469  7.185  61.1  4.9671  2.0  242.0   \n",
       "3  0.03237   0.0   2.18   0.0  0.458  6.998  45.8  6.0622  3.0  222.0   \n",
       "4  0.06905   0.0   2.18   0.0  0.458  7.147  54.2  6.0622  3.0  222.0   \n",
       "\n",
       "   PTRATIO       B  LSTAT  \n",
       "0     15.3  396.90   4.98  \n",
       "1     17.8  396.90   9.14  \n",
       "2     17.8  392.83   4.03  \n",
       "3     18.7  394.63   2.94  \n",
       "4     18.7  396.90   5.33  "
      ]
     },
     "execution_count": 135,
     "metadata": {},
     "output_type": "execute_result"
    }
   ],
   "source": [
    "data.head()"
   ]
  },
  {
   "cell_type": "code",
   "execution_count": 136,
   "metadata": {},
   "outputs": [
    {
     "data": {
      "text/plain": [
       "(506, 13)"
      ]
     },
     "execution_count": 136,
     "metadata": {},
     "output_type": "execute_result"
    }
   ],
   "source": [
    "data.shape"
   ]
  },
  {
   "cell_type": "code",
   "execution_count": 137,
   "metadata": {},
   "outputs": [
    {
     "name": "stdout",
     "output_type": "stream",
     "text": [
      "<class 'pandas.core.frame.DataFrame'>\n",
      "RangeIndex: 506 entries, 0 to 505\n",
      "Data columns (total 13 columns):\n",
      "CRIM       506 non-null float64\n",
      "ZN         506 non-null float64\n",
      "INDUS      506 non-null float64\n",
      "CHAS       506 non-null float64\n",
      "NOX        506 non-null float64\n",
      "RM         506 non-null float64\n",
      "AGE        506 non-null float64\n",
      "DIS        506 non-null float64\n",
      "RAD        506 non-null float64\n",
      "TAX        506 non-null float64\n",
      "PTRATIO    506 non-null float64\n",
      "B          506 non-null float64\n",
      "LSTAT      506 non-null float64\n",
      "dtypes: float64(13)\n",
      "memory usage: 51.5 KB\n"
     ]
    }
   ],
   "source": [
    "data.info()"
   ]
  },
  {
   "cell_type": "code",
   "execution_count": 138,
   "metadata": {},
   "outputs": [
    {
     "data": {
      "text/html": [
       "<div>\n",
       "<style scoped>\n",
       "    .dataframe tbody tr th:only-of-type {\n",
       "        vertical-align: middle;\n",
       "    }\n",
       "\n",
       "    .dataframe tbody tr th {\n",
       "        vertical-align: top;\n",
       "    }\n",
       "\n",
       "    .dataframe thead th {\n",
       "        text-align: right;\n",
       "    }\n",
       "</style>\n",
       "<table border=\"1\" class=\"dataframe\">\n",
       "  <thead>\n",
       "    <tr style=\"text-align: right;\">\n",
       "      <th></th>\n",
       "      <th>count</th>\n",
       "      <th>mean</th>\n",
       "      <th>std</th>\n",
       "      <th>min</th>\n",
       "      <th>25%</th>\n",
       "      <th>50%</th>\n",
       "      <th>75%</th>\n",
       "      <th>max</th>\n",
       "    </tr>\n",
       "  </thead>\n",
       "  <tbody>\n",
       "    <tr>\n",
       "      <th>CRIM</th>\n",
       "      <td>506.0</td>\n",
       "      <td>3.613524</td>\n",
       "      <td>8.601545</td>\n",
       "      <td>0.00632</td>\n",
       "      <td>0.082045</td>\n",
       "      <td>0.25651</td>\n",
       "      <td>3.677083</td>\n",
       "      <td>88.9762</td>\n",
       "    </tr>\n",
       "    <tr>\n",
       "      <th>ZN</th>\n",
       "      <td>506.0</td>\n",
       "      <td>11.363636</td>\n",
       "      <td>23.322453</td>\n",
       "      <td>0.00000</td>\n",
       "      <td>0.000000</td>\n",
       "      <td>0.00000</td>\n",
       "      <td>12.500000</td>\n",
       "      <td>100.0000</td>\n",
       "    </tr>\n",
       "    <tr>\n",
       "      <th>INDUS</th>\n",
       "      <td>506.0</td>\n",
       "      <td>11.136779</td>\n",
       "      <td>6.860353</td>\n",
       "      <td>0.46000</td>\n",
       "      <td>5.190000</td>\n",
       "      <td>9.69000</td>\n",
       "      <td>18.100000</td>\n",
       "      <td>27.7400</td>\n",
       "    </tr>\n",
       "    <tr>\n",
       "      <th>CHAS</th>\n",
       "      <td>506.0</td>\n",
       "      <td>0.069170</td>\n",
       "      <td>0.253994</td>\n",
       "      <td>0.00000</td>\n",
       "      <td>0.000000</td>\n",
       "      <td>0.00000</td>\n",
       "      <td>0.000000</td>\n",
       "      <td>1.0000</td>\n",
       "    </tr>\n",
       "    <tr>\n",
       "      <th>NOX</th>\n",
       "      <td>506.0</td>\n",
       "      <td>0.554695</td>\n",
       "      <td>0.115878</td>\n",
       "      <td>0.38500</td>\n",
       "      <td>0.449000</td>\n",
       "      <td>0.53800</td>\n",
       "      <td>0.624000</td>\n",
       "      <td>0.8710</td>\n",
       "    </tr>\n",
       "    <tr>\n",
       "      <th>RM</th>\n",
       "      <td>506.0</td>\n",
       "      <td>6.284634</td>\n",
       "      <td>0.702617</td>\n",
       "      <td>3.56100</td>\n",
       "      <td>5.885500</td>\n",
       "      <td>6.20850</td>\n",
       "      <td>6.623500</td>\n",
       "      <td>8.7800</td>\n",
       "    </tr>\n",
       "    <tr>\n",
       "      <th>AGE</th>\n",
       "      <td>506.0</td>\n",
       "      <td>68.574901</td>\n",
       "      <td>28.148861</td>\n",
       "      <td>2.90000</td>\n",
       "      <td>45.025000</td>\n",
       "      <td>77.50000</td>\n",
       "      <td>94.075000</td>\n",
       "      <td>100.0000</td>\n",
       "    </tr>\n",
       "    <tr>\n",
       "      <th>DIS</th>\n",
       "      <td>506.0</td>\n",
       "      <td>3.795043</td>\n",
       "      <td>2.105710</td>\n",
       "      <td>1.12960</td>\n",
       "      <td>2.100175</td>\n",
       "      <td>3.20745</td>\n",
       "      <td>5.188425</td>\n",
       "      <td>12.1265</td>\n",
       "    </tr>\n",
       "    <tr>\n",
       "      <th>RAD</th>\n",
       "      <td>506.0</td>\n",
       "      <td>9.549407</td>\n",
       "      <td>8.707259</td>\n",
       "      <td>1.00000</td>\n",
       "      <td>4.000000</td>\n",
       "      <td>5.00000</td>\n",
       "      <td>24.000000</td>\n",
       "      <td>24.0000</td>\n",
       "    </tr>\n",
       "    <tr>\n",
       "      <th>TAX</th>\n",
       "      <td>506.0</td>\n",
       "      <td>408.237154</td>\n",
       "      <td>168.537116</td>\n",
       "      <td>187.00000</td>\n",
       "      <td>279.000000</td>\n",
       "      <td>330.00000</td>\n",
       "      <td>666.000000</td>\n",
       "      <td>711.0000</td>\n",
       "    </tr>\n",
       "    <tr>\n",
       "      <th>PTRATIO</th>\n",
       "      <td>506.0</td>\n",
       "      <td>18.455534</td>\n",
       "      <td>2.164946</td>\n",
       "      <td>12.60000</td>\n",
       "      <td>17.400000</td>\n",
       "      <td>19.05000</td>\n",
       "      <td>20.200000</td>\n",
       "      <td>22.0000</td>\n",
       "    </tr>\n",
       "    <tr>\n",
       "      <th>B</th>\n",
       "      <td>506.0</td>\n",
       "      <td>356.674032</td>\n",
       "      <td>91.294864</td>\n",
       "      <td>0.32000</td>\n",
       "      <td>375.377500</td>\n",
       "      <td>391.44000</td>\n",
       "      <td>396.225000</td>\n",
       "      <td>396.9000</td>\n",
       "    </tr>\n",
       "    <tr>\n",
       "      <th>LSTAT</th>\n",
       "      <td>506.0</td>\n",
       "      <td>12.653063</td>\n",
       "      <td>7.141062</td>\n",
       "      <td>1.73000</td>\n",
       "      <td>6.950000</td>\n",
       "      <td>11.36000</td>\n",
       "      <td>16.955000</td>\n",
       "      <td>37.9700</td>\n",
       "    </tr>\n",
       "  </tbody>\n",
       "</table>\n",
       "</div>"
      ],
      "text/plain": [
       "         count        mean         std        min         25%        50%  \\\n",
       "CRIM     506.0    3.613524    8.601545    0.00632    0.082045    0.25651   \n",
       "ZN       506.0   11.363636   23.322453    0.00000    0.000000    0.00000   \n",
       "INDUS    506.0   11.136779    6.860353    0.46000    5.190000    9.69000   \n",
       "CHAS     506.0    0.069170    0.253994    0.00000    0.000000    0.00000   \n",
       "NOX      506.0    0.554695    0.115878    0.38500    0.449000    0.53800   \n",
       "RM       506.0    6.284634    0.702617    3.56100    5.885500    6.20850   \n",
       "AGE      506.0   68.574901   28.148861    2.90000   45.025000   77.50000   \n",
       "DIS      506.0    3.795043    2.105710    1.12960    2.100175    3.20745   \n",
       "RAD      506.0    9.549407    8.707259    1.00000    4.000000    5.00000   \n",
       "TAX      506.0  408.237154  168.537116  187.00000  279.000000  330.00000   \n",
       "PTRATIO  506.0   18.455534    2.164946   12.60000   17.400000   19.05000   \n",
       "B        506.0  356.674032   91.294864    0.32000  375.377500  391.44000   \n",
       "LSTAT    506.0   12.653063    7.141062    1.73000    6.950000   11.36000   \n",
       "\n",
       "                75%       max  \n",
       "CRIM       3.677083   88.9762  \n",
       "ZN        12.500000  100.0000  \n",
       "INDUS     18.100000   27.7400  \n",
       "CHAS       0.000000    1.0000  \n",
       "NOX        0.624000    0.8710  \n",
       "RM         6.623500    8.7800  \n",
       "AGE       94.075000  100.0000  \n",
       "DIS        5.188425   12.1265  \n",
       "RAD       24.000000   24.0000  \n",
       "TAX      666.000000  711.0000  \n",
       "PTRATIO   20.200000   22.0000  \n",
       "B        396.225000  396.9000  \n",
       "LSTAT     16.955000   37.9700  "
      ]
     },
     "execution_count": 138,
     "metadata": {},
     "output_type": "execute_result"
    }
   ],
   "source": [
    "data.describe().T"
   ]
  },
  {
   "cell_type": "code",
   "execution_count": 139,
   "metadata": {},
   "outputs": [
    {
     "data": {
      "text/plain": [
       "CRIM       0\n",
       "ZN         0\n",
       "INDUS      0\n",
       "CHAS       0\n",
       "NOX        0\n",
       "RM         0\n",
       "AGE        0\n",
       "DIS        0\n",
       "RAD        0\n",
       "TAX        0\n",
       "PTRATIO    0\n",
       "B          0\n",
       "LSTAT      0\n",
       "dtype: int64"
      ]
     },
     "execution_count": 139,
     "metadata": {},
     "output_type": "execute_result"
    }
   ],
   "source": [
    "data.isnull().sum()"
   ]
  },
  {
   "cell_type": "code",
   "execution_count": 140,
   "metadata": {},
   "outputs": [
    {
     "data": {
      "text/html": [
       "<div>\n",
       "<style scoped>\n",
       "    .dataframe tbody tr th:only-of-type {\n",
       "        vertical-align: middle;\n",
       "    }\n",
       "\n",
       "    .dataframe tbody tr th {\n",
       "        vertical-align: top;\n",
       "    }\n",
       "\n",
       "    .dataframe thead th {\n",
       "        text-align: right;\n",
       "    }\n",
       "</style>\n",
       "<table border=\"1\" class=\"dataframe\">\n",
       "  <thead>\n",
       "    <tr style=\"text-align: right;\">\n",
       "      <th></th>\n",
       "      <th>CRIM</th>\n",
       "      <th>ZN</th>\n",
       "      <th>INDUS</th>\n",
       "      <th>CHAS</th>\n",
       "      <th>NOX</th>\n",
       "      <th>RM</th>\n",
       "      <th>AGE</th>\n",
       "      <th>DIS</th>\n",
       "      <th>RAD</th>\n",
       "      <th>TAX</th>\n",
       "      <th>PTRATIO</th>\n",
       "      <th>B</th>\n",
       "      <th>LSTAT</th>\n",
       "    </tr>\n",
       "  </thead>\n",
       "  <tbody>\n",
       "    <tr>\n",
       "      <th>CRIM</th>\n",
       "      <td>1.000000</td>\n",
       "      <td>-0.200469</td>\n",
       "      <td>0.406583</td>\n",
       "      <td>-0.055892</td>\n",
       "      <td>0.420972</td>\n",
       "      <td>-0.219247</td>\n",
       "      <td>0.352734</td>\n",
       "      <td>-0.379670</td>\n",
       "      <td>0.625505</td>\n",
       "      <td>0.582764</td>\n",
       "      <td>0.289946</td>\n",
       "      <td>-0.385064</td>\n",
       "      <td>0.455621</td>\n",
       "    </tr>\n",
       "    <tr>\n",
       "      <th>ZN</th>\n",
       "      <td>-0.200469</td>\n",
       "      <td>1.000000</td>\n",
       "      <td>-0.533828</td>\n",
       "      <td>-0.042697</td>\n",
       "      <td>-0.516604</td>\n",
       "      <td>0.311991</td>\n",
       "      <td>-0.569537</td>\n",
       "      <td>0.664408</td>\n",
       "      <td>-0.311948</td>\n",
       "      <td>-0.314563</td>\n",
       "      <td>-0.391679</td>\n",
       "      <td>0.175520</td>\n",
       "      <td>-0.412995</td>\n",
       "    </tr>\n",
       "    <tr>\n",
       "      <th>INDUS</th>\n",
       "      <td>0.406583</td>\n",
       "      <td>-0.533828</td>\n",
       "      <td>1.000000</td>\n",
       "      <td>0.062938</td>\n",
       "      <td>0.763651</td>\n",
       "      <td>-0.391676</td>\n",
       "      <td>0.644779</td>\n",
       "      <td>-0.708027</td>\n",
       "      <td>0.595129</td>\n",
       "      <td>0.720760</td>\n",
       "      <td>0.383248</td>\n",
       "      <td>-0.356977</td>\n",
       "      <td>0.603800</td>\n",
       "    </tr>\n",
       "    <tr>\n",
       "      <th>CHAS</th>\n",
       "      <td>-0.055892</td>\n",
       "      <td>-0.042697</td>\n",
       "      <td>0.062938</td>\n",
       "      <td>1.000000</td>\n",
       "      <td>0.091203</td>\n",
       "      <td>0.091251</td>\n",
       "      <td>0.086518</td>\n",
       "      <td>-0.099176</td>\n",
       "      <td>-0.007368</td>\n",
       "      <td>-0.035587</td>\n",
       "      <td>-0.121515</td>\n",
       "      <td>0.048788</td>\n",
       "      <td>-0.053929</td>\n",
       "    </tr>\n",
       "    <tr>\n",
       "      <th>NOX</th>\n",
       "      <td>0.420972</td>\n",
       "      <td>-0.516604</td>\n",
       "      <td>0.763651</td>\n",
       "      <td>0.091203</td>\n",
       "      <td>1.000000</td>\n",
       "      <td>-0.302188</td>\n",
       "      <td>0.731470</td>\n",
       "      <td>-0.769230</td>\n",
       "      <td>0.611441</td>\n",
       "      <td>0.668023</td>\n",
       "      <td>0.188933</td>\n",
       "      <td>-0.380051</td>\n",
       "      <td>0.590879</td>\n",
       "    </tr>\n",
       "    <tr>\n",
       "      <th>RM</th>\n",
       "      <td>-0.219247</td>\n",
       "      <td>0.311991</td>\n",
       "      <td>-0.391676</td>\n",
       "      <td>0.091251</td>\n",
       "      <td>-0.302188</td>\n",
       "      <td>1.000000</td>\n",
       "      <td>-0.240265</td>\n",
       "      <td>0.205246</td>\n",
       "      <td>-0.209847</td>\n",
       "      <td>-0.292048</td>\n",
       "      <td>-0.355501</td>\n",
       "      <td>0.128069</td>\n",
       "      <td>-0.613808</td>\n",
       "    </tr>\n",
       "    <tr>\n",
       "      <th>AGE</th>\n",
       "      <td>0.352734</td>\n",
       "      <td>-0.569537</td>\n",
       "      <td>0.644779</td>\n",
       "      <td>0.086518</td>\n",
       "      <td>0.731470</td>\n",
       "      <td>-0.240265</td>\n",
       "      <td>1.000000</td>\n",
       "      <td>-0.747881</td>\n",
       "      <td>0.456022</td>\n",
       "      <td>0.506456</td>\n",
       "      <td>0.261515</td>\n",
       "      <td>-0.273534</td>\n",
       "      <td>0.602339</td>\n",
       "    </tr>\n",
       "    <tr>\n",
       "      <th>DIS</th>\n",
       "      <td>-0.379670</td>\n",
       "      <td>0.664408</td>\n",
       "      <td>-0.708027</td>\n",
       "      <td>-0.099176</td>\n",
       "      <td>-0.769230</td>\n",
       "      <td>0.205246</td>\n",
       "      <td>-0.747881</td>\n",
       "      <td>1.000000</td>\n",
       "      <td>-0.494588</td>\n",
       "      <td>-0.534432</td>\n",
       "      <td>-0.232471</td>\n",
       "      <td>0.291512</td>\n",
       "      <td>-0.496996</td>\n",
       "    </tr>\n",
       "    <tr>\n",
       "      <th>RAD</th>\n",
       "      <td>0.625505</td>\n",
       "      <td>-0.311948</td>\n",
       "      <td>0.595129</td>\n",
       "      <td>-0.007368</td>\n",
       "      <td>0.611441</td>\n",
       "      <td>-0.209847</td>\n",
       "      <td>0.456022</td>\n",
       "      <td>-0.494588</td>\n",
       "      <td>1.000000</td>\n",
       "      <td>0.910228</td>\n",
       "      <td>0.464741</td>\n",
       "      <td>-0.444413</td>\n",
       "      <td>0.488676</td>\n",
       "    </tr>\n",
       "    <tr>\n",
       "      <th>TAX</th>\n",
       "      <td>0.582764</td>\n",
       "      <td>-0.314563</td>\n",
       "      <td>0.720760</td>\n",
       "      <td>-0.035587</td>\n",
       "      <td>0.668023</td>\n",
       "      <td>-0.292048</td>\n",
       "      <td>0.506456</td>\n",
       "      <td>-0.534432</td>\n",
       "      <td>0.910228</td>\n",
       "      <td>1.000000</td>\n",
       "      <td>0.460853</td>\n",
       "      <td>-0.441808</td>\n",
       "      <td>0.543993</td>\n",
       "    </tr>\n",
       "    <tr>\n",
       "      <th>PTRATIO</th>\n",
       "      <td>0.289946</td>\n",
       "      <td>-0.391679</td>\n",
       "      <td>0.383248</td>\n",
       "      <td>-0.121515</td>\n",
       "      <td>0.188933</td>\n",
       "      <td>-0.355501</td>\n",
       "      <td>0.261515</td>\n",
       "      <td>-0.232471</td>\n",
       "      <td>0.464741</td>\n",
       "      <td>0.460853</td>\n",
       "      <td>1.000000</td>\n",
       "      <td>-0.177383</td>\n",
       "      <td>0.374044</td>\n",
       "    </tr>\n",
       "    <tr>\n",
       "      <th>B</th>\n",
       "      <td>-0.385064</td>\n",
       "      <td>0.175520</td>\n",
       "      <td>-0.356977</td>\n",
       "      <td>0.048788</td>\n",
       "      <td>-0.380051</td>\n",
       "      <td>0.128069</td>\n",
       "      <td>-0.273534</td>\n",
       "      <td>0.291512</td>\n",
       "      <td>-0.444413</td>\n",
       "      <td>-0.441808</td>\n",
       "      <td>-0.177383</td>\n",
       "      <td>1.000000</td>\n",
       "      <td>-0.366087</td>\n",
       "    </tr>\n",
       "    <tr>\n",
       "      <th>LSTAT</th>\n",
       "      <td>0.455621</td>\n",
       "      <td>-0.412995</td>\n",
       "      <td>0.603800</td>\n",
       "      <td>-0.053929</td>\n",
       "      <td>0.590879</td>\n",
       "      <td>-0.613808</td>\n",
       "      <td>0.602339</td>\n",
       "      <td>-0.496996</td>\n",
       "      <td>0.488676</td>\n",
       "      <td>0.543993</td>\n",
       "      <td>0.374044</td>\n",
       "      <td>-0.366087</td>\n",
       "      <td>1.000000</td>\n",
       "    </tr>\n",
       "  </tbody>\n",
       "</table>\n",
       "</div>"
      ],
      "text/plain": [
       "             CRIM        ZN     INDUS      CHAS       NOX        RM       AGE  \\\n",
       "CRIM     1.000000 -0.200469  0.406583 -0.055892  0.420972 -0.219247  0.352734   \n",
       "ZN      -0.200469  1.000000 -0.533828 -0.042697 -0.516604  0.311991 -0.569537   \n",
       "INDUS    0.406583 -0.533828  1.000000  0.062938  0.763651 -0.391676  0.644779   \n",
       "CHAS    -0.055892 -0.042697  0.062938  1.000000  0.091203  0.091251  0.086518   \n",
       "NOX      0.420972 -0.516604  0.763651  0.091203  1.000000 -0.302188  0.731470   \n",
       "RM      -0.219247  0.311991 -0.391676  0.091251 -0.302188  1.000000 -0.240265   \n",
       "AGE      0.352734 -0.569537  0.644779  0.086518  0.731470 -0.240265  1.000000   \n",
       "DIS     -0.379670  0.664408 -0.708027 -0.099176 -0.769230  0.205246 -0.747881   \n",
       "RAD      0.625505 -0.311948  0.595129 -0.007368  0.611441 -0.209847  0.456022   \n",
       "TAX      0.582764 -0.314563  0.720760 -0.035587  0.668023 -0.292048  0.506456   \n",
       "PTRATIO  0.289946 -0.391679  0.383248 -0.121515  0.188933 -0.355501  0.261515   \n",
       "B       -0.385064  0.175520 -0.356977  0.048788 -0.380051  0.128069 -0.273534   \n",
       "LSTAT    0.455621 -0.412995  0.603800 -0.053929  0.590879 -0.613808  0.602339   \n",
       "\n",
       "              DIS       RAD       TAX   PTRATIO         B     LSTAT  \n",
       "CRIM    -0.379670  0.625505  0.582764  0.289946 -0.385064  0.455621  \n",
       "ZN       0.664408 -0.311948 -0.314563 -0.391679  0.175520 -0.412995  \n",
       "INDUS   -0.708027  0.595129  0.720760  0.383248 -0.356977  0.603800  \n",
       "CHAS    -0.099176 -0.007368 -0.035587 -0.121515  0.048788 -0.053929  \n",
       "NOX     -0.769230  0.611441  0.668023  0.188933 -0.380051  0.590879  \n",
       "RM       0.205246 -0.209847 -0.292048 -0.355501  0.128069 -0.613808  \n",
       "AGE     -0.747881  0.456022  0.506456  0.261515 -0.273534  0.602339  \n",
       "DIS      1.000000 -0.494588 -0.534432 -0.232471  0.291512 -0.496996  \n",
       "RAD     -0.494588  1.000000  0.910228  0.464741 -0.444413  0.488676  \n",
       "TAX     -0.534432  0.910228  1.000000  0.460853 -0.441808  0.543993  \n",
       "PTRATIO -0.232471  0.464741  0.460853  1.000000 -0.177383  0.374044  \n",
       "B        0.291512 -0.444413 -0.441808 -0.177383  1.000000 -0.366087  \n",
       "LSTAT   -0.496996  0.488676  0.543993  0.374044 -0.366087  1.000000  "
      ]
     },
     "execution_count": 140,
     "metadata": {},
     "output_type": "execute_result"
    }
   ],
   "source": [
    "data.corr()"
   ]
  },
  {
   "cell_type": "code",
   "execution_count": 141,
   "metadata": {},
   "outputs": [
    {
     "data": {
